      V      q    F E    B E    SCC    V S    E S  V S 2  E S 2
   1000  0.001 498991    509      1   1000    999      0      0
   1000  0.005 497018   2482      1   1000    999      0      0
   1000   0.01 494481   5019      1   1000    999      0      0
   1000   0.02 489621   9879      1   1000    999      0      0
   1000   0.05 474554  24946      1   1000    999      0      0
   1000    0.1 449188  50312      1   1000    999      0      0
    400  0.001  79711     89      6    395    394      1      0
    400  0.005  79380    420      1    400    399      0      0
    400   0.01  79002    798      1    400    399      0      0
    400   0.02  78228   1572      1    400    399      0      0
    400   0.05  75837   3963      1    400    399      0      0
    400    0.1  71897   7903      1    400    399      0      0


