      V      p      q    F E    B E    SCC    V S    E S  V S 2  E S 2
   1000   0.01   0.01   4962     45    587    408    407      1      0
   1000   0.01  0.005   4983     24    738    260    259      1      0
   1000   0.01   0.02   4912     95    422    576    575      1      0
   1000   0.01    0.1   4506    501    114    887    886      1      0
    400    0.1   0.01   7956     90     21    380    379      1      0
    400    0.1  0.004   8019     27     39    362    361      1      0
    400    0.1   0.06   7568    478      5    396    395      1      0
    400    0.1   0.03   7848    242     16    385    384      1      0


      V      p      q    F E    B E    SCC    V S    E S  V S 2  E S 2
   1000   0.01   0.01   5068     47    504    497    496      1      0
   1000   0.01  0.005   5089     26    559    442    441      1      0
   1000   0.01   0.02   5016     99    320    681    680      1      0
   1000   0.01    0.1   4611    504    122    879    878      1      0
    400    0.1   0.01   7774     89     41    360    359      1      0
    400    0.1  0.004   7825     38     62    339    338      1      0
    400    0.1   0.06   7370    493      4    397    396      0      0
    400    0.1   0.03   7629    234     15    386    385      1      0


      V      p      q    F E    B E    SCC    V S    E S  V S 2  E S 2
   1000   0.01   0.01   4813     48    511    490    489      1      0
   1000   0.01  0.005   4836     25    645    353    352      4      3
   1000   0.01   0.02   4765     96    380    621    620      1      0
   1000   0.01    0.1   4365    496    143    858    857      1      0
    400    0.1   0.01   7872     85     16    385    384      1      0
    400    0.1  0.004   7920     37     26    375    374      1      0
    400    0.1   0.06   7471    486      2    399    398      1      0
    400    0.1   0.03   7752    218      7    394    393      1      0


      V      p      q    F E    B E    SCC    V S    E S  V S 2  E S 2
   1000   0.01   0.01   4951     46    545    447    446     10      9
   1000   0.01  0.005   4975     22    769    228    227      5      4
   1000   0.01   0.02   4905     92    365    636    635      1      0
   1000   0.01    0.1   4506    491    130    871    870      1      0
    400    0.1   0.01   7898     84     39    362    361      1      0
    400    0.1  0.004   7948     34     61    340    339      1      0
    400    0.1   0.06   7534    448      3    398    397      1      0
    400    0.1   0.03   7763    219     14    387    386      1      0


      V      p      q    F E    B E    SCC    V S    E S  V S 2  E S 2
   1000   0.01   0.01   4974     47    558    443    442      1      0
   1000   0.01  0.005   5001     20    723    278    277      1      0
   1000   0.01   0.02   4928     93    444    554    553      4      3
   1000   0.01    0.1   4495    526    103    898    897      1      0
    400    0.1   0.01   7924     87     27    374    373      1      0
    400    0.1  0.004   7974     37     39    362    361      1      0
    400    0.1   0.06   7548    463      5    396    395      1      0
    400    0.1   0.03   7777    234     13    388    387      1      0

      V      p      q    F E    B E    SCC    V S    E S  V S 2  E S 2
   1000   0.01   0.01   4989     49    641    360    359      1      0
   1000   0.01  0.005   5014     24    757    244    243      1      0
   1000   0.01   0.02   4943     95    443    558    557      1      0
   1000   0.01    0.1   4538    500    131    870    869      1      0
    400    0.1   0.01   7946     73     23    378    377      1      0
    400    0.1  0.004   7989     30     56    345    344      1      0
    400    0.1   0.06   7527    492      4    397    396      1      0
    400    0.1   0.03   7778    241     10    391    390      1      0


      V      p      q    F E    B E    SCC    V S    E S  V S 2  E S 2
   1000   0.01   0.01   4824     47    566    435    434      1      0
   1000   0.01  0.005   4850     21    792    209    208      1      0
   1000   0.01   0.02   4765    106    456    545    544      1      0
   1000   0.01    0.1   4386    485    157    844    843      1      0
    400    0.1   0.01   7855     80     24    377    376      1      0
    400    0.1  0.004   7968     32     71    330    329      1      0
    400    0.1   0.06   7517    483      2    399    398      1      0
    400    0.1   0.03   7754    246     11    390    389      1      0


      V      p      q    F E    B E    SCC    V S    E S  V S 2  E S 2
   1000   0.01   0.01   4942     43    577    424    423      1      0
   1000   0.01  0.005   4968     17    709    292    291      1      0
   1000   0.01   0.02   4886     99    401    600    599      1      0
   1000   0.01    0.1   4510    475    120    881    880      1      0
    400    0.1   0.01   7834     72     29    372    371      1      0
    400    0.1  0.004   7876     30     34    367    366      1      0
    400    0.1   0.06   7431    475      5    396    395      1      0
    400    0.1   0.03   7670    236      7    394    393      1      0


      V      p      q    F E    B E    SCC    V S    E S  V S 2  E S 2
   1000   0.01   0.01   4942     51    536    465    464      1      0
   1000   0.01  0.005   4966     27    631    370    369      1      0
   1000   0.01   0.02   4893    100    340    661    660      1      0
   1000   0.01    0.1   4504    489    134    867    866      1      0
    400    0.1   0.01   7944     79     14    387    386      1      0
    400    0.1  0.004   7991     32     24    377    376      1      0
    400    0.1   0.06   7549    474      3    398    397      0      0
    400    0.1   0.03   7780    243      5    396    395      1      0


      V      p      q    F E    B E    SCC    V S    E S  V S 2  E S 2
   1000   0.01   0.01   4938     52    497    504    503      1      0
   1000   0.01  0.005   4964     26    659    342    341      1      0
   1000   0.01   0.02   4896     94    356    645    644      1      0
   1000   0.01    0.1   4477    513    104    897    896      1      0
    400    0.1   0.01   7951     68     15    386    385      1      0
    400    0.1  0.004   7991     28     27    374    373      1      0
    400    0.1   0.06   7562    457      3    398    397      1      0
    400    0.1   0.03   7780    239      8    393    392      1      0


      V      p      q    F E    B E    SCC    V S    E S  V S 2  E S 2
   1000   0.01   0.01   5046     55    471    530    529      1      0
   1000   0.01  0.005   5076     25    633    368    367      1      0
   1000   0.01   0.02   4998    103    419    582    581      1      0
   1000   0.01    0.1   4589    512    119    882    881      1      0
    400    0.1   0.01   7782     98     22    379    378      1      0
    400    0.1  0.004   7838     42     52    344    343      1      0
    400    0.1   0.06   7454    495      4    397    396      1      0
    400    0.1   0.03   7725    224     16    385    384      1      0

      V      p      q    F E    B E    SCC    V S    E S  V S 2  E S 2
   1000   0.01   0.01   5039     51    543    458    457      1      0
   1000   0.01  0.005   5065     25    872    122    121      1      0
   1000   0.01   0.02   4998     92    435    566    565      1      0
   1000   0.01    0.1   4583    507    125    876    875      1      0
    400    0.1   0.01   7886     78     24    377    376      1      0
    400    0.1  0.004   7938     26     55    346    345      1      0
    400    0.1   0.06   7447    517      3    398    397      0      0
    400    0.1   0.03   7692    272      7    394    393      1      0


